epoch:4
train_loss:0.8503060252279848
val_loss:0.6416841850775045
acc:0.7844585987261147